icp

MSE 5.14622
Time 33.2789 s

Rotation matrix:
0.9999999983382583, -4.787163764954916e-05, -3.212148673745197e-05;
 4.78752913519731e-05, 0.9999999923838505, 0.0001137552422137977;
 3.211604084316089e-05, -0.0001137567798505934, 0.9999999930139776
Translation matrix:
-0.0006143013468964398;
 -0.000727316232604025;
 0.0004317108025517769

angular rotation error: 9.999921165181412 degrees
translation MSE: 0.006538385757928085

tricp

MSE 2.24015
Time 10.1002 s
Rotation matrix:
[0.9999999996498665, -2.587425996780635e-05, 5.548861448392839e-06;
 2.587339538612232e-05, 0.9999999875353229, 0.0001557559665817387;
 -5.552891449697728e-06, -0.0001557558229591804, 0.9999999878546442]
Translation matrix:
[-0.00308986611859563;
 0.0007987245079021932;
 0.002564447785470492]

angular rotation error: 9.999922591006124 degrees
translation MSE: 0.0005138325202816723


Real rotation:
 0.984808 -0.173648         0
 0.173648  0.984808         0
        0         0         1
Real translation:
0
0
0