icp

MSE 0.270625
Time = 24.8517 s
Rotation matrix:
[0.999986374686468, 0.0008166344854166896, 0.00515592373217157;
 -0.0008089347269993885, 0.9999985548654394, -0.0014952898181399;
 -0.00515713738639912, 0.001491098638590663, 0.9999855901755923]
Translation matrix:
[0.01055618365875333;
 -0.01636195876067248;
 -0.07505451031637556]

print(math.degrees(math.acos((np.trace(Rmodel.transpose()*r0)-1)/2)))
angular rotation difference: 10.004743176473797 degrees
translation MSE: 0.006538385757928085

tricp

MSE: 0.00709813
Time = 20.028 s
Rotation matrix:
[0.9999962935229225, -0.0003147265305378233, 0.002704420016784718;
 0.0003149362395518107, 0.9999999474340224, -7.711755292377775e-05;
 -0.002704395603684351, 7.796898695966448e-05, 0.9999963400759307]
Translation matrix:
[-0.0005157595043243646;
 0.005488797641925558;
 -0.03887292957090716]

angular rotation difference: 10.00113297679952 degrees
translation MSE: 0.0005138325202816723

Model data

Real rotation:
 0.984808 -0.173648         0
 0.173648  0.984808         0
        0         0         1
Real translation:
0
0
0
