icp

MSE 5.14622
Time = 34.7251 s
Rotation matrix:
[0.9999999984117456, -4.633240869511557e-05, -3.209075631280256e-05;
 4.633596929656814e-05, 0.9999999927701775, 0.0001109622611233929;
 3.208561493200923e-05, -0.0001109637479033698, 0.9999999933287798]
Translation matrix:
[-0.0005769502994432685;
 -0.0007023222803046458;
 0.0004364144617170496]

angular rotation difference: 19.99993772618883
translation MSE: 3.388619386119256e-07

tricp

MSE 4.55636
Time = 13.7501 s
Rotation matrix:
[0.999999998071867, 3.656957102943226e-06, 6.199106957466283e-05;
 -3.669740459677495e-06, 0.999999978731156, 0.0002062140154711622;
 -6.199031414051703e-05, -0.0002062142425647284, 0.9999999768164431]
Translation matrix:
[0.0004952966078892729;
 0.001302733042166437;
 0.001588518594930477]

angular rotation difference: 19.999940241038647
translation MSE: 1.488607811792912e-06


model rotation:
0.939693 -0.34202        0
 0.34202 0.939693        0
       0        0        1

model translation
0
0
0